              0               0               0               0               0               0               0               0               0               0               0               0               0               0               0               0               0               0               0               0
              0 0.0001854696279 0.0002933559452 0.0004147252317 0.0005391817454 0.0006615449562 0.0007765223016 0.0008775266685 0.0009567692992  0.001006300315  0.001019869024 0.0009949934897 0.0009339829777 0.0008429374697 0.0007297192227 0.0006021897474 0.0004674401474 0.0003326572878 0.0002109370675               0
              0 0.0002933559452 0.0003715878599 0.0004745820384 0.0005890022351  0.000706935458 0.0008215835846 0.0009252599309  0.001008867496  0.001062675793  0.001078533006  0.001053057324 0.0009896527957 0.0008965437022 0.0007836812925  0.000660754364  0.000536939865 0.0004227256945 0.0003346537494               0
              0 0.0004147252317 0.0004745820384 0.0005616386096 0.0006660755267 0.0007801756155 0.0008966618175  0.001006973884  0.001100225241  0.001163432098  0.001184179292  0.001156569823  0.001086763887 0.0009875005134 0.0008722672116 0.0007528773442 0.0006396723969 0.0005431728908 0.0004759315826               0
              0 0.0005391817454 0.0005890022351 0.0006660755267 0.0007645168495 0.0008785996171  0.001001992957  0.001126183919   0.00123857898    0.0013210766   0.00135204244  0.001318015322  0.001232898989  0.001118819745 0.0009945141938  0.000873531146 0.0007658754723 0.0006799948036 0.0006238778566               0
              0 0.0006615449562  0.000706935458 0.0007801756155 0.0008785996171 0.0009992120467   0.00113798003  0.001288080583   0.00143660822   0.00155888142  0.001613432589  0.001560753215  0.001440744711  0.001295360873  0.001149918163   0.00101817955 0.0009081007653  0.000825044486 0.0007731723652               0
              0 0.0007765223016 0.0008215835846 0.0008966618175  0.001001992957   0.00113798003   0.00130449567  0.001499185391  0.001713376405  0.001919548353  0.002038121639  0.001927820127  0.001729660645  0.001523500861  0.001337610413  0.001181630382  0.001058970621 0.0009708194722 0.0009176946015               0
              0 0.0008775266685 0.0009252599309  0.001006973884  0.001126183919  0.001288080583  0.001499185391  0.001766326583    0.0020950397  0.002479478521  0.002805858504  0.002496501855  0.002126464562   0.00180982326   0.00155416184  0.001355579661  0.001208550851  0.001107668777  0.001048785136               0
              0 0.0009567692992  0.001008867496  0.001100225241   0.00123857898   0.00143660822  0.001713376405    0.0020950397  0.002617492914  0.003361708633  0.004469534025  0.003392095335  0.002667749977  0.002158612583  0.001788706216  0.001524730321  0.001341997557   0.00122259815  0.001155068389               0
              0  0.001006300315  0.001062675793  0.001163432098    0.0013210766   0.00155888142  0.001919548353  0.002479478521  0.003361708633  0.004776751886  0.009046367679  0.004830429419  0.003432509188  0.002559898853  0.002009751842  0.001661008648  0.001438292557  0.001299893282  0.001223837378               0
              0  0.001019869024  0.001078533006  0.001184179292   0.00135204244  0.001613432589  0.002038121639  0.002805858504  0.004469534025  0.009046367679 5.390296227e-05  0.009123695356  0.004550198657  0.002892237506  0.002132843713  0.001719518951  0.001473100721  0.001324689677  0.001244297148               0
              0 0.0009949934897  0.001053057324  0.001156569823  0.001318015322  0.001560753215  0.001927820127  0.002496501855  0.003392095335  0.004830429419  0.009123695356  0.004881443708  0.003459557662  0.002573354334  0.002014352515  0.001659229847  0.001431778789  0.001290015002  0.001211919628               0
              0 0.0009339829777 0.0009896527957  0.001086763887  0.001232898989  0.001440744711  0.001729660645  0.002126464562  0.002667749977  0.003432509188  0.004550198657  0.003459557662  0.002712605486  0.002183556652  0.001797927598  0.001521590536  0.001329258798  0.001202852792  0.001131004514               0
              0 0.0008429374697 0.0008965437022 0.0009875005134  0.001118819745  0.001295360873  0.001523500861   0.00180982326  0.002158612583  0.002559898853  0.002892237506  0.002573354334  0.002183556652  0.001844744373  0.001568461146  0.001352000947  0.001190221414  0.001078123752  0.001012134969               0
              0 0.0007297192227 0.0007836812925 0.0008722672116 0.0009945141938  0.001149918163  0.001337610413   0.00155416184  0.001788706216  0.002009751842  0.002132843713  0.002014352515  0.001797927598  0.001568461146  0.001358237153  0.001179212149  0.001036213359 0.0009317486406 0.0008678629616               0
              0 0.0006021897474  0.000660754364 0.0007528773442  0.000873531146   0.00101817955  0.001181630382  0.001355579661  0.001524730321  0.001661008648  0.001719518951  0.001659229847  0.001521590536  0.001352000947  0.001179212149  0.001019575395  0.000883076936 0.0007773357581 0.0007095729403               0
              0 0.0004674401474  0.000536939865 0.0006396723969 0.0007658754723 0.0009081007653  0.001058970621  0.001208550851  0.001341997557  0.001438292557  0.001473100721  0.001431778789  0.001329258798  0.001190221414  0.001036213359  0.000883076936 0.0007427184784 0.0006261689029 0.0005464067436               0
              0 0.0003326572878 0.0004227256945 0.0005431728908 0.0006799948036  0.000825044486 0.0009708194722  0.001107668777   0.00122259815  0.001299893282  0.001324689677  0.001290015002  0.001202852792  0.001078123752 0.0009317486406 0.0007773357581 0.0006261689029 0.0004899068728 0.0003865521469               0
              0 0.0002109370675 0.0003346537494 0.0004759315826 0.0006238778566 0.0007731723652 0.0009176946015  0.001048785136  0.001155068389  0.001223837378  0.001244297148  0.001211919628  0.001131004514  0.001012134969 0.0008678629616 0.0007095729403 0.0005464067436 0.0003865521469 0.0002443576189               0
              0               0               0               0               0               0               0               0               0               0               0               0               0               0               0               0               0               0               0               0
