              0               0               0               0               0               0               0               0               0               0               0               0               0               0               0               0               0               0               0               0
              0  6.55734158e-06 1.311468316e-05 1.964909312e-05 2.609177662e-05 3.230658973e-05 3.807433684e-05 4.309105579e-05 4.699145863e-05 4.940651212e-05 5.005108258e-05 4.881264489e-05 4.579137199e-05 4.126038677e-05 3.557752107e-05  2.90984101e-05 2.212009963e-05 1.485946275e-05 7.457699101e-06               0
              0 1.311468316e-05 2.625229794e-05 3.938991272e-05 5.241142362e-05 6.506024548e-05 7.689970183e-05  8.72984277e-05 9.546826662e-05 0.0001005835073 0.0001019851733 9.940812497e-05 9.309245632e-05   8.3672654e-05 7.195128743e-05 5.869601969e-05 4.452252567e-05 2.986005227e-05 1.497133365e-05               0
              0 1.964909312e-05 3.938991272e-05 5.924683619e-05 7.910375966e-05 9.862326674e-05 0.0001171657973 0.0001337346866 0.0001469996729 0.0001554740771 0.0001578979784 0.0001537422254 0.0001434976743 0.0001283864855  0.000109858955 8.921185555e-05  6.74139311e-05 4.508688702e-05 2.256758323e-05               0
              0 2.609177662e-05 5.241142362e-05 7.910375966e-05 0.0001061335121 0.0001331632645  0.000159405534 0.0001834748484 0.0002033216612 0.0002164151498 0.0002203904378 0.0002141651239 0.0001987695301 0.0001765166587 0.0001498861914 0.0001208785164 9.083445617e-05 6.050598146e-05 3.021211226e-05               0
              0 3.230658973e-05 6.506024548e-05 9.862326674e-05 0.0001331632645 0.0001684907452 0.0002038182259 0.0002374375118 0.0002663969736 0.0002864744232  0.000293083499 0.0002837583022 0.0002608986634 0.0002290244277 0.0001922906354 0.0001535815627 0.0001145393957 7.589047039e-05 3.777488435e-05               0
              0 3.807433684e-05 7.689970183e-05 0.0001171657973  0.000159405534 0.0002038182259 0.0002499391126 0.0002960599993 0.0003383542983 0.0003700020704 0.0003817108329 0.0003668859225 0.0003320423938 0.0002863917532   0.00023667036 0.0001866177032 0.0001378510934 9.074162008e-05 4.499695477e-05               0
              0 4.309105579e-05  8.72984277e-05 0.0001337346866 0.0001834748484 0.0002374375118 0.0002960599993 0.0003585090746 0.0004209581498 0.0004734687271 0.0004968718396 0.0004700321613 0.0004139932361 0.0003478298312 0.0002813813483 0.0002183677968 0.0001595056546 0.0001042279618 5.147131463e-05               0
              0 4.699145863e-05 9.546826662e-05 0.0001469996729 0.0002033216612 0.0002663969736 0.0003383542983 0.0004209581498 0.0005135004993 0.0006060428487 0.0006622756372 0.0006023776468 0.0005060685581 0.0004095529871 0.0003226574052 0.0002459664812 0.0001775757663 0.0001151932578 5.666034201e-05               0
              0 4.940651212e-05 0.0001005835073 0.0001554740771 0.0002164151498 0.0002864744232 0.0003700020704 0.0004734687271 0.0006060428487 0.0007749265313 0.0009438102138 0.0007711342305 0.0005983503624 0.0004616561541  0.000353728804 0.0002652649566 0.0001896376717  0.000122308961 5.997679563e-05               0
              0 5.005108258e-05 0.0001019851733 0.0001578979784 0.0002203904378  0.000293083499 0.0003817108329 0.0004968718396 0.0006622756372 0.0009438102138  0.001566904456 0.0009399986988  0.000654542507 0.0004849924629    0.0003653367 0.0002717268694 0.0001934010028 0.0001244281189 6.093787952e-05               0
              0 4.881264489e-05 9.940812497e-05 0.0001537422254 0.0002141651239 0.0002837583022 0.0003668859225 0.0004700321613 0.0006023776468 0.0007711342305 0.0009399986988 0.0007674136014  0.000594828504 0.0004584344904 0.0003508986639 0.0002629048182 0.0001878113514 0.0001210646323 5.934660356e-05               0
              0 4.579137199e-05 9.309245632e-05 0.0001434976743 0.0001987695301 0.0002608986634 0.0003320423938 0.0004139932361 0.0005060685581 0.0005983503624  0.000654542507  0.000594828504 0.0004989234173 0.0004030183306 0.0003169186469 0.0002411823882 0.0001738749521 0.0001126724552 5.538390244e-05               0
              0 4.126038677e-05   8.3672654e-05 0.0001283864855 0.0001765166587 0.0002290244277 0.0002863917532 0.0003478298312 0.0004095529871 0.0004616561541 0.0004849924629 0.0004584344904 0.0004030183306 0.0003377967678 0.0002725752051 0.0002110311355 0.0001538336137 0.0001003663341 4.951655098e-05               0
              0 3.557752107e-05 7.195128743e-05  0.000109858955 0.0001498861914 0.0001922906354   0.00023667036 0.0002813813483 0.0003226574052  0.000353728804    0.0003653367 0.0003508986639 0.0003169186469 0.0002725752051   0.00022455427  0.000176533335 0.0001300620331 8.544271652e-05 4.231596735e-05               0
              0  2.90984101e-05 5.869601969e-05 8.921185555e-05 0.0001208785164 0.0001535815627 0.0001866177032 0.0002183677968 0.0002459664812 0.0002652649566 0.0002717268694 0.0002629048182 0.0002411823882 0.0002110311355  0.000176533335 0.0001404859012 0.0001044384674 6.902653148e-05 3.430460189e-05               0
              0 2.212009963e-05 4.452252567e-05  6.74139311e-05 9.083445617e-05 0.0001145393957 0.0001378510934 0.0001595056546 0.0001775757663 0.0001896376717 0.0001934010028 0.0001878113514 0.0001738749521 0.0001538336137 0.0001300620331 0.0001044384674 7.817940376e-05 5.192034013e-05 2.587590874e-05               0
              0 1.485946275e-05 2.986005227e-05 4.508688702e-05 6.050598146e-05 7.589047039e-05 9.074162008e-05 0.0001042279618 0.0001151932578  0.000122308961 0.0001244281189 0.0001210646323 0.0001126724552 0.0001003663341 8.544271652e-05 6.902653148e-05 5.192034013e-05 3.459951653e-05 1.727869293e-05               0
              0 7.457699101e-06 1.497133365e-05 2.256758323e-05 3.021211226e-05 3.777488435e-05 4.499695477e-05 5.147131463e-05 5.666034201e-05 5.997679563e-05 6.093787952e-05 5.934660356e-05 5.538390244e-05 4.951655098e-05 4.231596735e-05 3.430460189e-05 2.587590874e-05 1.727869293e-05 8.639346467e-06               0
              0               0               0               0               0               0               0               0               0               0               0               0               0               0               0               0               0               0               0               0
